%YAML:1.0
# --- 
# #Camera S/N Code :KE0200110074
##Resolutioon:1280*1024
# # /---------------------------------------------------------------------------------/
Camera_Matrix: !!opencv-matrix
   rows: 3
   cols: 3
   dt: d
   data: [1.451e+03,  0.000000000000,  645.373,  0.000000000000,  1.4563e+03,  491.0741,  0.000000000000,  0.000000000000,  1.000000000000] 
  #745.2902   428.6153
Distortion_Coefficients: !!opencv-matrix
   rows: 1
   cols: 5
   dt: d
   data: [-0.2146,  0.3219,  0,  0,  0] #[ -0.4235, -0.0311, 0.0017, -0.0019, 0]
# # /---------------------------------------------------------------------------------/

# #Camera S/N Code :KE0200110075
##Resolutioon:640*512
# # # /---------------------------------------------------------------------------------/
# Camera_Matrix: !!opencv-matrix
#    rows: 3
#    cols: 3
#    dt: d
#    data: [ 718.2760,  0.000000000000,  311.7188,  0.000000000000,  716.7238,  296.0424,  0.000000000000,  0.000000000000,  1.000000000000] 
#   #745.2902   428.6153
# Distortion_Coefficients: !!opencv-matrix
#    rows: 1
#    cols: 5
#    dt: d
#    data: [-0.2074,  0.2630,  0,  0,  0] #[ -0.4235, -0.0311, 0.0017, -0.0019, 0]
# # # /---------------------------------------------------------------------------------/

#Camera S/N Code :KE0200110076
# /---------------------------------------------------------------------------------/
# Camera_Matrix: !!opencv-matrix
#    rows: 3
#    cols: 3
#    dt: d
#    data: [1.327e+03,  0.000000000000,  610.2314,  0.000000000000,  1.3294e+03,  470.1648,  0.000000000000,  0.000000000000,  1.000000000000] 
#   #745.2902   428.6153
# Distortion_Coefficients: !!opencv-matrix
#    rows: 1
#    cols: 5
#    dt: d
#    data: [-0.202,  0.2567,  0,  0,  0] #[ -0.4235, -0.0311, 0.0017, -0.0019, 0]
# /---------------------------------------------------------------------------------/

# #Camera S/N Code :KE0200110076
##Resolutioon:640*512
# # # /---------------------------------------------------------------------------------/
# Camera_Matrix: !!opencv-matrix
#    rows: 3
#    cols: 3
#    dt: d
#    data: [ 710.7729,  0.000000000000,  319.5319,  0.000000000000,  710.2169,  327.9734,  0.000000000000,  0.000000000000,  1.000000000000] 
# Distortion_Coefficients: !!opencv-matrix
#    rows: 1
#    cols: 5
#    dt: d
#    data: [-0.2520,  0.2928,  0,  0,  0] 
# # # /---------------------------------------------------------------------------------/

# # # /---------------------------------------------------------------------------------/
Camera_Matrix_USB: !!opencv-matrix
   rows: 3
   cols: 3
   dt: d
   data: [ 1200.9,  0.000000000000,  134.8634,  0.000000000000,  1196.2,  366.1528,  0.000000000000,  0.000000000000,  1.000000000000] 
  #745.2902   428.6153
Distortion_Coefficients_USB: !!opencv-matrix
   rows: 1
   cols: 5
   dt: d
   data: [-0.3524,  0.2160,  0,  0,  0] #[ -0.4235, -0.0311, 0.0017, -0.0019, 0]
# # # /---------------------------------------------------------------------------------/